828 65
828 67
831 67
828 63
828 62
828 60
830 60
831 60
831 61
831 62
831 65
830 65
831 63
830 63
824 65
822 65
822 63
825 63
824 63
825 67
824 67
825 60
824 60
822 60
825 57
825 56
824 57
824 55
824 56
824 54
822 57
822 56
831 57
831 56
830 57
830 56
828 57
828 56
825 49
824 49
825 51
822 49
831 51
830 51
830 49
828 49
828 51
806 48
807 48
809 48
807 51
809 51
807 57
807 56
806 56
807 55
807 54
806 55
806 54
809 56
807 63
806 63
807 62
806 62
809 63
807 60
803 63
803 62
801 62
817 63
816 63
815 63
814 63
816 65
819 65
819 63
817 67
816 67
812 63
814 57
814 56
815 56
816 57
816 56
817 57
817 56
816 54
819 57
819 56
817 60
816 60
819 60
814 60
812 57
812 56
814 48
812 48
814 51
812 51
817 51
816 51
819 51
817 49
816 49
817 48
816 48
819 48
819 49
819 73
817 73
819 71
815 71
814 71
817 71
816 71
817 76
819 76
825 76
824 76
822 76
824 73
822 73
831 76
830 76
831 78
828 76
