798 67
796 67
799 65
798 70
798 71
799 71
796 71
796 70
801 71
803 71
803 67
792 66
792 67
790 67
792 71
792 70
793 71
793 70
793 62
792 62
792 63
792 60
793 60
790 60
798 63
798 62
799 63
799 62
796 63
796 62
798 60
799 60
796 60
807 71
806 71
809 71
812 71
807 76
803 76
801 48
803 48
803 51
799 49
799 48
798 48
799 51
798 51
796 49
796 50
796 51
796 47
796 48
798 54
799 54
798 55
799 55
799 57
799 56
796 56
796 54
803 55
803 54
802 56
803 56
801 55
801 54
793 51
792 51
790 51
793 49
793 48
792 49
792 46
792 47
793 54
792 54
793 56
792 56
785 51
787 51
782 51
783 51
785 46
787 46
785 60
787 60
787 63
782 60
783 60
780 60
782 57
783 57
785 67
787 67
787 70
783 70
782 65
780 65
780 67
782 67
783 67
777 60
775 60
775 57
771 57
775 67
775 65
777 65
774 63
775 63
771 63
