814 63
812 63
812 60
817 63
816 63
819 63
816 60
817 60
819 60
816 57
816 56
817 56
814 57
814 56
815 56
816 54
812 57
812 56
819 56
812 48
814 48
814 51
812 51
817 49
816 49
817 48
816 48
819 48
819 49
816 51
830 57
830 56
831 57
831 56
828 57
828 56
828 54
824 57
824 56
825 56
822 56
828 49
828 51
831 51
830 51
824 49
825 51
825 63
824 63
822 63
825 60
824 60
824 67
831 62
830 63
830 60
831 60
828 60
830 65
828 65
828 63
838 57
835 57
838 60
835 60
817 71
816 71
817 73
819 71
819 73
817 76
814 71
812 71
816 67
819 67
807 71
806 71
807 73
809 71
