769 44
768 44
768 46
771 44
768 41
769 49
769 48
768 49
768 47
768 48
768 51
769 51
771 49
771 48
771 51
774 49
774 48
775 49
775 48
774 51
775 51
777 51
777 49
774 44
775 44
775 46
777 44
782 47
782 46
783 46
782 48
782 49
783 48
783 49
780 48
780 49
782 51
783 51
780 51
780 44
780 46
783 44
782 44
787 51
785 51
787 49
787 48
785 46
787 46
782 54
783 54
783 56
783 57
782 56
782 57
780 57
780 56
780 54
787 56
787 54
785 54
785 56
783 62
782 62
783 63
782 63
782 60
783 60
780 60
785 62
785 60
787 60
787 63
787 62
782 70
783 71
780 70
782 65
780 65
780 67
783 67
782 67
787 67
785 67
787 71
785 71
777 67
777 65
774 67
775 67
775 63
774 63
775 65
777 70
775 70
768 67
768 65
771 67
771 65
771 63
769 62
769 63
768 63
777 57
777 56
777 54
775 57
775 56
774 57
774 56
774 54
775 54
774 60
775 60
777 60
769 60
768 60
771 60
771 57
771 56
771 54
768 57
768 56
769 57
769 56
769 54
768 54
801 48
803 48
803 51
807 49
807 48
806 48
809 48
806 51
807 51
806 55
806 54
807 54
807 56
807 55
806 57
806 56
809 56
796 54
796 56
798 57
798 56
799 56
799 55
799 54
798 55
798 54
801 55
801 54
801 56
803 55
803 54
803 56
807 62
806 62
807 63
806 63
809 63
809 60
807 60
803 63
803 62
801 62
803 65
793 48
792 48
793 47
792 47
792 46
792 49
790 46
793 51
792 51
790 51
798 50
798 51
799 51
798 48
799 48
798 49
799 49
796 49
796 48
796 47
796 51
793 54
792 54
792 56
793 56
790 56
798 70
798 71
799 71
796 71
796 70
801 71
803 71
792 67
790 67
792 71
792 70
793 70
793 60
792 60
793 63
792 63
793 62
792 62
790 62
790 60
799 63
799 62
798 63
798 62
796 63
796 62
799 60
798 60
796 60
