716 46
716 47
716 48
718 49
719 49
718 48
719 47
719 48
718 44
719 44
718 46
719 46
716 44
719 51
718 51
716 51
723 48
723 49
723 46
723 47
721 49
721 48
723 51
721 51
721 46
721 44
723 44
718 38
719 38
718 39
719 39
716 38
716 39
718 41
719 41
716 41
723 41
721 41
721 38
721 39
723 38
723 39
721 56
723 56
721 60
718 56
719 56
716 57
716 56
707 54
707 55
707 56
704 54
705 54
704 56
705 56
704 55
705 55
700 56
711 57
711 56
710 56
713 56
704 46
704 47
705 47
704 49
704 48
705 49
705 48
707 49
707 48
704 51
705 44
704 44
707 44
710 44
711 44
710 46
711 46
713 44
713 46
713 48
711 49
711 48
710 49
710 48
711 51
710 35
711 35
713 35
711 38
711 39
710 39
713 38
713 39
713 41
711 41
716 35
704 38
704 39
705 39
707 38
707 39
704 35
705 35
707 35
