684 54
691 56
688 44
689 44
688 46
691 44
691 46
684 46
684 44
686 44
688 51
689 51
691 51
688 48
688 49
684 49
686 49
696 51
697 51
694 51
700 51
700 47
700 48
700 46
700 44
696 46
697 46
696 48
696 47
694 46
700 35
700 39
697 39
696 39
696 41
694 39
696 33
696 35
678 38
679 38
679 39
681 38
681 39
675 38
679 31
679 33
681 33
691 38
691 39
691 41
688 38
688 39
689 39
684 38
684 39
686 39
691 33
691 35
688 33
689 33
686 35
686 33
684 35
684 31
684 33
675 41
675 44
671 44
673 48
675 48
671 48
675 51
679 47
679 48
678 48
679 49
681 49
679 51
678 44
679 44
678 46
679 46
681 44
679 63
