737 39
736 39
737 41
739 39
732 41
732 39
734 39
729 39
728 39
726 39
732 51
734 51
732 54
737 51
736 51
739 51
732 44
734 44
734 48
734 49
734 47
734 46
732 48
732 49
732 47
732 46
736 47
736 48
737 48
736 49
737 47
737 46
736 46
739 47
739 46
739 48
737 44
736 44
739 44
729 48
729 49
728 48
728 49
729 46
729 47
728 46
728 47
726 49
726 48
729 51
728 51
729 44
728 44
726 44
734 61
734 60
732 60
734 57
732 57
737 60
736 60
736 62
739 62
739 60
736 56
736 57
737 56
736 54
739 56
729 57
728 57
728 56
726 56
728 60
752 39
753 39
755 39
750 39
748 39
742 39
743 39
745 39
743 51
742 51
745 51
743 54
742 54
743 56
745 54
745 56
745 47
745 46
745 49
745 48
742 48
743 48
743 49
743 47
743 46
742 47
742 46
742 44
743 44
750 51
748 51
750 46
750 47
750 49
750 48
748 47
748 46
748 49
748 48
752 51
753 51
755 51
752 46
752 47
753 46
753 49
753 48
752 49
752 48
754 48
755 48
755 49
748 44
750 44
752 44
753 44
760 49
760 48
758 48
760 51
760 44
760 46
760 39
760 41
758 41
752 57
752 56
753 56
753 55
753 54
752 55
752 54
755 54
755 55
754 56
755 56
750 56
750 54
748 56
748 55
748 54
750 63
750 62
748 63
748 62
748 60
753 62
753 63
752 63
752 62
755 63
753 60
760 65
760 63
758 63
760 60
760 57
760 56
758 56
745 62
745 60
743 63
743 62
742 60
743 60
